,feature1,feature3,feature2,feature4,feature5,feature6,feature7,feature8,feature9,feature10,feature11,feature12,feature13,feature14,feature15,feature16
feature1,1.0,-0.03158013740169527,0.19619039787050133,0.013631519163870636,0.1632192119535786,-0.16452940484361325,-0.24574749941098795,-0.023947803671985835,0.06769823272636928,-0.013515969811249444,-0.13403639138636353,0.10488458222536998,-0.010335457405415435,-0.1817857699345268,-0.07309961827244765,0.0795343355536422
feature3,-0.03158013740169527,1.0,0.0026523406891179584,0.0027921374921264157,0.006197959686236038,-0.005630590268335135,-0.04284062170260743,0.020569603766054614,0.09137831309193029,-0.029791490857593892,-0.0778284385212226,0.003103755493519745,0.01596647981554231,0.0492628211554433,-0.025595315517455336,0.045709924909163174
feature2,0.19619039787050133,0.0026523406891179584,1.0,0.023896395968272203,0.07688313723232414,-0.18331366183966874,-0.8431529445026206,-0.07341135973149565,0.05957273341943948,0.013054811904087596,-0.216691678857981,0.06990317469083575,0.004683501090059955,-0.09980986748096363,-0.0651459506940355,0.34366392713645594
feature4,0.013631519163870636,0.0027921374921264157,0.023896395968272203,1.0,-0.04301814875320026,0.018887681419222004,-0.016882521163959645,0.016794157007401434,-0.0271178231119836,-0.005188350876927071,0.018630769616068292,-0.011994537155285544,-0.0008286470187848953,0.06307167707903068,0.0420815940922678,-0.0726364491662851
feature5,0.1632192119535786,0.006197959686236038,0.07688313723232414,-0.04301814875320026,1.0,-0.029859258861088665,-0.09281443883396313,-0.03451373630048206,0.23083644292073088,0.002447431678572638,-0.03958524177385523,0.5251024066204836,9.936995234018954e-05,-0.06654483068703135,-0.042653799132848766,0.0455971455956349
feature6,-0.16452940484361325,-0.005630590268335135,-0.18331366183966874,0.018887681419222004,-0.029859258861088665,1.0,0.3189519852634342,0.008441434405300862,-0.01638167845155667,-0.038405727805847945,0.02375571810739495,-0.018974221898421576,0.04271233796301549,0.004022065049419578,0.002071427859367943,-0.5613184016928928
feature7,-0.24574749941098795,-0.04284062170260743,-0.8431529445026206,-0.016882521163959645,-0.09281443883396313,0.3189519852634342,1.0,0.06054033807475677,-0.06094895403938831,-0.010583196295327333,0.2328697254308184,-0.07302127029890419,-0.005654146515965712,0.10874735927685725,0.07282235259097451,-0.3596190345092027
feature8,-0.023947803671985835,0.020569603766054614,-0.07341135973149565,0.016794157007401434,-0.03451373630048206,0.008441434405300862,0.06054033807475677,1.0,0.013959394819826929,0.0042496759741945875,0.29566556345701456,0.0075666348116551685,-0.025481024319038866,0.012880097419314023,-0.3827756789991684,-0.022559708044410633
feature9,0.06769823272636928,0.09137831309193029,0.05957273341943948,-0.0271178231119836,0.23083644292073088,-0.01638167845155667,-0.06094895403938831,0.013959394819826929,1.0,-0.03907332630953957,-0.018790882817594796,0.3182280516423155,0.012721274919793817,-0.10403839755910087,-0.1143932365711987,0.033230027281503816
feature10,-0.013515969811249444,-0.029791490857593892,0.013054811904087596,-0.005188350876927071,0.002447431678572638,-0.038405727805847945,-0.010583196295327333,0.0042496759741945875,-0.03907332630953957,1.0,0.013751846284771116,0.013344522140694131,-0.0006765882664046561,-0.006816029784449799,-0.002606913861675641,0.03048728100498002
feature11,-0.13403639138636353,-0.0778284385212226,-0.216691678857981,0.018630769616068292,-0.03958524177385523,0.02375571810739495,0.2328697254308184,0.29566556345701456,-0.018790882817594796,0.013751846284771116,1.0,-0.02872205022312874,-0.012021190104685569,0.43382620065139826,0.2252835773597693,-0.09622224814870514
feature12,0.10488458222536998,0.003103755493519745,0.06990317469083575,-0.011994537155285544,0.5251024066204836,-0.018974221898421576,-0.07302127029890419,0.0075666348116551685,0.3182280516423155,0.013344522140694131,-0.02872205022312874,1.0,-0.0005814683731923176,-0.07795439641000276,-0.07716177582754728,0.027466819930023978
feature13,-0.010335457405415435,0.01596647981554231,0.004683501090059955,-0.0008286470187848953,9.936995234018954e-05,0.04271233796301549,-0.005654146515965712,-0.025481024319038866,0.012721274919793817,-0.0006765882664046561,-0.012021190104685569,-0.0005814683731923176,1.0,0.027254525306146457,0.028692244959854726,0.01877051788923225
feature14,-0.1817857699345268,0.0492628211554433,-0.09980986748096363,0.06307167707903068,-0.06654483068703135,0.004022065049419578,0.10874735927685725,0.012880097419314023,-0.10403839755910087,-0.006816029784449799,0.43382620065139826,-0.07795439641000276,0.027254525306146457,1.0,0.6281295815722387,-0.0187368842127099
feature15,-0.07309961827244765,-0.025595315517455336,-0.0651459506940355,0.0420815940922678,-0.042653799132848766,0.002071427859367943,0.07282235259097451,-0.3827756789991684,-0.1143932365711987,-0.002606913861675641,0.2252835773597693,-0.07716177582754728,0.028692244959854726,0.6281295815722387,1.0,-0.05135228266926029
feature16,0.0795343355536422,0.045709924909163174,0.34366392713645594,-0.0726364491662851,0.0455971455956349,-0.5613184016928928,-0.3596190345092027,-0.022559708044410633,0.033230027281503816,0.03048728100498002,-0.09622224814870514,0.027466819930023978,0.01877051788923225,-0.0187368842127099,-0.05135228266926029,1.0
